cae_threshold:0.032272160053253174
convlstm_threshold:0.03962927311658859
