cae_threshold:0.062272160053253174
convlstm_threshold:0.08962927311658859
